17281931 0.0029
17284065 0.0026
17286712 0.0023
17294251 0.0018
17303383 0.0039
17303469 0.004
17304132 0.0041
17304246 0.0041
17304887 0.0094
17310488 0.0093
17310741 0.0084
17493708 0.007
17585441 0.0056
17589567 0.0012
17590744 0.0003
17596229 0.00062
17597297 0.00054
17597768 0.00028
17598409 0.00031
17599844 0.00034
17844295 0.0091
17851683 0.0066
17852805 0.007
17853714 0.0076
17856960 0.0069
17894083 0.0071
17956887 0.0086
18533434 0.0057
19647021 0.006
19677822 0.00071
19679067 0.00076
19679460 0.00082
19681755 0.0018
19681827 0.0014
19899839 0.0033
19921137 0.007
20177061 0.0049
20179255 0.0033
20181136 0.0087
21910280 2.4e-11
21920903 7.5e-13
21922904 2e-12
21927064 6.9e-13
21928641 6.3e-13
21928916 2.6e-12
21932068 6.5e-13
21939675 7.3e-13
21940189 9.2e-13
21943938 9.4e-13
21945851 1.1e-12
21956653 1.1e-12
21964761 1.4e-12
21966442 1.6e-12
21968221 1.3e-12
21973319 4.5e-12
21974703 1.2e-12
21976934 1.3e-12
21979096 1.2e-11
21979289 4.8e-12
21979584 1.4e-12
21982249 1.7e-12
21982340 4.2e-07
21982892 8.2e-12
21983260 1.8e-12
21985094 6.1e-12
21988599 0.008
23489042 0.0048
23491000 0.0071
23895043 0.0047
23960187 0.0041
23973725 0.0069
23974200 0.0093
24033466 0.0085
24033486 0.009
24036563 0.0077
24036657 0.0067
25220446 0.0046
25284829 0.0068
25509030 0.0064
25527632 0.0091
25531002 0.0099
26139746 0.00057
26160370 0.0086
26215263 0.0099
26216360 0.0082
26218164 0.0087
26245987 0.00071
26246287 0.0012
26249277 0.001
26250110 0.00083
26250271 0.00061
26254248 0.0022
26415475 0.0063
26422980 0.0018
26438495 0.0021
26453030 0.0067
26455216 0.00047
26722351 0.0015
26722513 0.0016
26724763 0.0023
26733244 0.0049
26733299 0.0036
26816558 0.0026
26841390 0.0085
27042106 0.0044
27069835 0.0017
27072146 0.0017
27210985 0.0022
27336747 0.0082
27338819 0.0059
27411710 0.0039
27473772 0.0042
27773685 0.0022
27775511 0.0019
27779392 0.0069
27781570 0.0054
28115346 0.0081
28125740 0.0088
28169499 0.00018
28169521 0.0031
28179823 0.0098
28181399 0.0023
28181436 0.0032
28270372 0.0013
28279594 0.00021
28279688 0.00018
28284061 0.00062
28368266 0.0052
28371305 0.003
28449353 0.0015
28461138 0.0012
28494756 0.0054
28538999 3.2e-05
28550006 0.0054
28612297 2.8e-05
28744586 0.0036
28756039 0.0038
28756710 0.0035
29185113 0.007
29203964 0.0085
29206209 0.0087
29247097 0.0051
29450923 0.0075
29451671 0.0041
29453027 0.00063
29454477 0.00039
29459732 0.0034
29924825 0.0069
30128380 0.00091
30129156 0.0061
30137262 0.005
30138548 0.006
30143206 0.0048
30147038 0.0017
30150549 0.0047
30151582 0.0044
30153655 0.0043
30153721 0.0041
30155113 2e-05
30157940 0.0046
30169436 0.0001
30174229 1.3e-05
30178305 0.008
30180001 0.005
30184950 0.0063
30188245 0.0058
30199926 0.007
30216982 0.0033
30240575 0.0032
30241149 0.0036
30244719 0.0038
30253256 0.00019
30264274 0.0042
30288625 7.6e-05
30304234 0.00016
30328070 0.00023
30340138 0.00025
30340356 0.0002
30348652 0.00021
30350532 0.00021
30361881 0.00016
30363540 0.0055
30368384 0.00021
30384572 0.0028
30388601 7.6e-05
30388758 0.00015
30389846 0.0041
30390990 0.00017
30399417 2.5e-05
30404653 5.2e-05
30405151 5.1e-05
30405983 0.008
30407364 0.0024
30408710 0.00021
30412465 0.00014
30413877 0.006
30418161 6.4e-05
30422865 0.00014
30423460 2.3e-06
30432403 0.00011
30432631 0.0065
30433822 0.004
30440533 0.00014
30443297 0.0055
30450660 0.0055
30472254 8.1e-05
30474216 0.00013
30474310 0.0049
30486826 6.1e-08
30493882 5.6e-08
30494371 2.2e-08
30498550 0.0054
30504207 5.1e-05
30504652 3.6e-05
30512478 2.3e-08
30515049 0.0062
30521770 5.6e-05
30529631 1.8e-08
30531091 3.4e-05
30533065 4.3e-05
30542157 4.4e-05
30554204 0.0047
30555216 5.2e-05
30556101 0.0025
30556845 0.002
30567907 2.7e-05
30572736 0.0031
30577589 0.0027
30577771 2e-08
30580161 0.0021
30581722 2.7e-05
30592487 5.7e-09
30620627 0.00015
30630143 0.0091
30640308 0.0022
30670091 0.0067
30691631 0.0011
30738161 0.0074
30846623 0.0068
30943040 0.0078
30948752 0.0027
31497879 0.0089
31834200 0.0064
32296000 0.0085
32338005 0.0031
32338186 0.0029
32418552 0.0053
32444217 0.0062
32459994 0.00081
32508445 0.0085
32509440 0.0082
32517431 0.00055
32518102 0.0091
32524906 0.0067
32538875 0.0084
32606790 0.00022
32607074 0.00021
32607116 0.00025
32611862 0.0025
32615004 0.0069
32616657 0.0026
32628436 0.0014
32740441 0.0082
32745916 0.006
32752707 0.00059
32759025 0.0005
32762902 0.00049
32762937 0.00052
32763595 0.00035
32763787 0.00043
32764720 0.0003
32765949 0.00035
32767669 0.00034
32768551 0.00034
32769624 0.00032
32832874 0.0064
32846619 0.0037
32847116 0.0019
32855200 0.00031
32930568 0.0086
32995751 0.0053
33192544 0.0011
33244421 0.0075
33253280 0.003
33447309 0.0087
33708680 0.0022
33711229 0.00034
33920601 0.008
34473145 0.0012
34476759 0.0012
34496691 0.0025
34499558 0.0031
34510633 0.0001
34513777 0.00018
34562467 0.0044
35498934 0.0091
36527967 0.0059
36528895 0.005
36539523 0.0011
36539754 0.001
36540434 0.00073
36541725 0.0034
36545780 0.0051
36557623 0.0071
36602183 0.0072
36608205 0.0082
36609739 0.0069
36610571 0.0078
37010929 0.0079
37258503 1.8e-05
37296931 0.0038
37305507 0.0081
37310046 0.0082
37311806 0.0015
37311877 0.0013
37312173 0.0012
37312561 0.0016
37314415 0.0015
37314507 0.0015
37315988 0.0016
37316259 0.0014
37316388 0.0017
37316476 0.0014
37323988 0.00016
37328751 0.0031
37330082 0.0043
37330779 0.003
37337409 0.0021
37338286 0.002
37677404 0.00024
37677892 0.0003
37678551 0.00023
38864460 0.0012
38879688 0.0068
38879940 0.002
38881454 0.0043
38889657 0.0069
38898051 0.0041
38912771 0.004
38925719 0.0019
38982321 0.0094
38982442 0.0056
38985818 0.0056
38991393 0.0068
39016182 0.0026
39021522 0.0066
39032348 0.0067
39034867 0.007
39046327 0.0092
39053888 0.007
39064209 0.0093
39064230 0.0087
39064806 0.0079
39066820 0.0074
39069045 0.0063
39069510 0.0092
39070550 0.0067
39071658 0.0063
39072472 0.0061
39091151 0.0067
39104168 0.0077
39105707 0.0038
39132748 0.0087
39152412 0.0069
39525791 0.003
39527909 0.0095
39528440 0.0087
39530132 0.0082
39542292 0.0058
39549426 0.0056
39552597 0.0089
39553772 0.0079
39554749 0.0085
39565896 0.0022
39569475 0.0036
39659773 1.7e-10
39663066 5.6e-10
39670851 0.0011
39675770 8.2e-05
39676494 8.6e-05
39676744 7.4e-05
39683534 0.00014
39700758 1.3e-06
39705104 1.2e-05
39708017 1.2e-06
39708357 0.00051
39709009 0.0087
39710664 6.6e-06
39711351 0.00043
39712936 1e-06
39714704 5.1e-05
39719148 1.3e-06
39720348 6.9e-06
39721745 0.00046
39724137 0.0014
39732171 4.5e-05
39738425 0.0017
39756854 3.1e-05
39764824 0.00041
39767011 0.00047
39769818 0.00038
39778167 3e-05
39778327 3e-05
39778419 2.9e-05
39783027 3.6e-05
39793066 8e-05
39793079 8.3e-05
39797178 7.2e-05
39797779 6.5e-05
39798429 7.1e-05
39800704 8.1e-05
39810379 0.00012
39812409 0.00016
39812986 0.0098
39820885 0.00016
39823015 0.00015
39824450 0.001
39825322 0.00013
39826788 0.00018
39827553 0.00017
39829736 0.00019
39944789 0.00029
39950172 0.0012
39952098 0.0086
39973526 0.0076
39978039 0.0064
39984086 0.0032
39984873 0.0043
39985283 0.0091
39988277 0.0025
39989216 0.0037
40000221 0.0034
40006024 0.0034
40006035 0.0036
40011273 0.0033
40011697 0.0051
40026141 0.0044
40026309 0.0046
40034593 0.0013
40041887 0.0079
40288830 0.0006
40291139 0.00042
40291807 0.00059
40293463 0.00052
40301480 0.00089
40308428 0.00096
40317126 0.00093
40327206 0.0024
40336821 0.0044
40376383 8.9e-05
41215672 0.0015
41249522 0.009
41406919 0.0058
41418154 0.0044
41431342 0.0034
41438710 0.0035
41459486 0.0037
41537589 0.0076
41540279 0.0075
41548008 0.0087
41566595 0.0056
41642212 0.0089
41648502 0.0066
41656509 0.0082
41677317 0.0089
41697338 0.0033
41720697 0.0073
41726053 0.006
41729216 0.0096
41739370 0.00062
41742283 0.0042
41755857 0.0054
41761290 0.0064
41767135 0.0056
41768625 0.0054
41776646 0.0054
41791536 0.00014
41793090 0.0073
41797758 0.0027
41799106 0.0066
41805782 0.0063
41813886 0.0024
41815609 3.8e-05
41822793 0.0023
41825342 0.0026
41829149 0.0026
41840407 0.0028
41841034 0.0024
41844786 0.0024
41849513 0.0026
41850500 0.0029
41858657 0.0029
41860864 0.0028
41862288 0.0027
41863423 0.0028
41864216 0.0021
41866938 0.0023
41867377 0.0016
41895409 0.0018
41903813 0.003
41908405 0.0038
41911525 0.00016
41913413 0.00016
41913477 0.003
41913844 0.0039
41914593 0.004
41919330 0.0052
41923644 0.0058
41927700 0.0062
41931074 0.0083
41935912 0.0053
41938536 0.0012
41939739 0.0055
41945113 0.0055
41949259 0.0073
41961831 0.0044
42009520 0.0093
42017264 0.0098
42127999 0.0077
42128097 0.008
42178441 0.0091
42187199 0.0082
42722518 0.0082
43172267 0.0061
43174413 0.001
43183762 0.0025
43558926 0.0047
43558972 0.0073
43559137 0.0075
43561675 0.0081
43561803 0.0077
43584229 0.008
43584281 0.0072
45055584 0.0091
45458791 0.0041
45465068 0.0064
45472574 0.0033
45475332 0.0084
45478340 0.0073
45480705 0.0053
45484800 0.0037
45489486 0.0026
46160624 0.0042
46172855 0.0046
46836592 0.0083
47123616 0.0036
48360173 0.0096
48360485 0.0052
48360629 0.0055
48890183 0.0068
49059226 0.0018
49060216 0.006
49452108 0.0059
49452130 0.0028
49459147 0.0038
49464741 0.003
49583019 0.0027
49594014 8e-05
49597206 0.00019
49597467 0.0068
49609689 0.0016
49610259 0.0012
49622783 0.0085
49634073 0.001
49637741 0.0065
49646564 0.00029
49651708 0.0012
49653029 0.0029
49777734 0.0074
50154682 0.005
50164078 1.9e-05
50181960 8.7e-05
50183162 8e-05
50205903 0.00079
50207703 0.00078
50218611 0.00092
50241210 0.0011
50244777 0.0061
50249677 0.0051
50252127 0.00031
50258751 0.00016
50277835 0.003
50278438 0.0029
50278568 0.00035
50278642 0.0005
50280136 0.00052
50282204 0.00056
50294988 0.00061
50297435 0.00062
50299919 0.0035
50300562 0.0005
50301476 0.00039
50303530 0.00032
50313438 0.0005
50314809 0.0027
50317049 0.00048
