17281931 0.304051174828 20657
17284065 0.305604421764 18523
17286712 0.305578761232 15876
17294251 0.475831985871 8337
17303383 0.424509 -793
17303469 0.424447 -879
17304132 0.42449 -1542
17304246 0.42438 -1656
17304887 0.447215933287 -2297
17310488 0.390602 2046
17310741 0.390267 2299
17493708 0.169504 -4595
17585441 0.444343183115 -10611
17589567 0.243133739464 12575
17590744 0.270031355996 11398
17596229 0.257141878724 5913
17597297 0.24534658934 4845
17597768 0.249560757425 4374
17598409 0.248233155289 3733
17599844 0.24802892684 2298
17844295 0.451616 3455
17851683 0.123619232977 10843
17852805 0.122725642842 11965
17853714 0.123873000402 12874
17856960 0.117428545816 16120
17894083 0.36013 -3660
17956887 0.336585014246 259
18533434 0.329151342874 21282
19647021 0.105120186304 -7524
19677822 0.0664194698621 23275
19679067 0.0665615024781 -22919
19679460 0.0666653447487 -22526
19681755 0.0682758924092 -20231
19681827 0.0683351798765 -20159
19899839 0.285494141258 3520
19921137 0.135089087681 -87
20177061 0.446908 15379
20179255 0.479074841204 13185
20181136 0.42225564458 11304
21910280 0.192089578681 848
21920903 0.183464963565 -932
21922904 0.180324292259 877
21927064 0.18374828811 5037
21928641 0.183787627727 6614
21928916 0.183793601881 6889
21932068 0.184894351096 10041
21939675 0.185184100975 17648
21940189 0.173267635028 18162
21943938 0.183634580604 21911
21945851 0.183819612312 23824
21956653 0.183985086993 27647
21964761 0.183774270216 19539
21966442 0.184716478717 17858
21968221 0.183929825027 16079
21973319 0.180708367854 10981
21974703 0.190001604529 9597
21976934 0.185069236265 7366
21979096 0.151691211065 5204
21979289 0.180026462296 5011
21979584 0.185302208538 4716
21982249 0.185093896714 2051
21982340 0.428775161275 1960
21982892 0.174130257027 1408
21983260 0.177803093068 1040
21985094 0.193824955247 -740
21988599 0.180105169814 1580
23489042 0.401993 1377
23491000 0.206908 3335
23895043 0.12476819268 -14207
23960187 0.438089391254 13910
23973725 0.0853303594962 372
23974200 0.129598128692 -101
24033466 0.0995088510783 -26
24033486 0.0997051865917 -6
24036563 0.100177995137 -1190
24036657 0.101220007106 -1284
25220446 0.181042529688 18159
25284829 0.183194122058 12351
25509030 0.113890377505 -370
25527632 0.0783993810774 -18972
25531002 0.113435876379 -22342
26139746 0.463914 1544
26160370 0.122234788112 3368
26215263 0.221058454343 49268
26216360 0.221198473573 50365
26218164 0.29407740792 52169
26245987 0.183122 49814
26246287 0.175809 49514
26249277 0.381886048574 46524
26250110 0.381587617557 45691
26250271 0.182117 45530
26254248 0.269557698431 41553
26415475 0.485142 -12976
26422980 0.147934209718 -20481
26438495 0.165737872239 -35996
26453030 0.0618619772382 -50531
26455216 0.0772654875617 -52717
26722351 0.0654538143649 -21329
26722513 0.104471117903 -21167
26724763 0.10560359856 -18917
26733244 0.0665622056753 -10436
26733299 0.0660786770037 -10381
26816558 0.0556987635446 2600
26841390 0.0554830173819 7467
27042106 0.170367753951 -285
27069835 0.196484790975 1015
27072146 0.196773434536 3326
27210985 0.446946817019 -43611
27336747 0.164657276995 37443
27338819 0.189956931846 39515
27411710 0.137794284435 -20139
27473772 0.374280759866 -17291
27773685 0.102513 45936
27775511 0.144308 47762
27779392 0.466913835957 51643
27781570 0.465811729772 53821
28115346 0.461051 2877
28125740 0.368103765868 13271
28169499 0.350392336263 18371
28169521 0.197748 18349
28179823 0.246071 8047
28181399 0.447626 6471
28181436 0.281591 6434
28270372 0.21918612888 -13768
28279594 0.104721679378 13095
28279688 0.036162208091 13001
28284061 0.202611817775 8628
28368266 0.173922481168 17797
28371305 0.034502352182 14758
28449353 0.168479288991 3075
28461138 0.0306508602972 -8708
28494756 0.0541420244089 -42326
28538999 0.0845078065745 -86569
28550006 0.197228887813 78804
28612297 0.0852559779312 16513
28744586 0.0320353 44843
28756039 0.0318475 56296
28756710 0.031979 56967
29185113 0.135900501635 7919
29203964 0.137149858368 6083
29206209 0.137602510334 -8109
29247097 0.136726645577 -14971
29450923 0.418682684341 6908
29451671 0.446573386597 6160
29453027 0.482575 4804
29454477 0.482359 3354
29459732 0.248416526397 -1899
29924825 0.430827 6553
30128380 0.459462855565 12306
30129156 0.43497 13082
30137262 0.496358331458 -17484
30138548 0.495089 -16198
30143206 0.496381384359 -11540
30147038 0.45874 -7708
30150549 0.496065862523 -4197
30151582 0.496837061585 -3164
30153655 0.495707267929 -1091
30153721 0.49570077208 -1025
30155113 0.272437 365
30157940 0.494914245994 3192
30169436 0.29718 6047
30174229 0.272975 10840
30178305 0.397530736002 14916
30180001 0.468691 15289
30184950 0.472305 10340
30188245 0.470651 7045
30199926 0.161838900564 886
30216982 0.442970635484 -4252
30240575 0.0198841425341 -6303
30241149 0.0193318361599 -6877
30244719 0.0198723002932 -10447
30253256 0.26168 -18984
30264274 0.404319971632 -14869
30288625 0.261223575626 7056
30304234 0.261423435908 2594
30328070 0.260898 -12127
30340138 0.260807 -59
30340356 0.261221 157
30348652 0.260862 8453
30350532 0.260982 10333
30361881 0.261844 -5158
30363540 0.0193259470071 -3499
30368384 0.260909 1343
30384572 0.40292852237 10495
30388601 0.384029103571 -11282
30388758 0.262898 -11125
30389846 0.0192084161593 -10037
30390990 0.262407 -8893
30399417 0.38169808434 -466
30404653 0.388938 4768
30405151 0.389166 5266
30405983 0.491064 6098
30407364 0.408923 -6307
30408710 0.260189019295 -4961
30412465 0.261123182682 -1206
30413877 0.0193317575809 -107
30418161 0.390705 -290
30422865 0.343549287311 4412
30423460 0.362267357598 5007
30432403 0.386778 10778
30432631 0.0191935929301 10550
30433822 0.0191935929301 9359
30440533 0.347341534019 2648
30443297 0.0193351123984 -114
30450660 0.0191935929301 -7477
30472254 0.386788 -3908
30474216 0.263029346321 -1946
30474310 0.0191523007036 -1852
30486826 0.445218018563 -3120
30493882 0.444947221733 3934
30494371 0.444911166731 4423
30498550 0.019747970522 2846
30504207 0.257394626027 -2809
30504652 0.391337 -3254
30512478 0.445695328026 -11080
30515049 0.0196868106441 -13651
30521770 0.257368335441 11899
30529631 0.432911865734 4038
30531091 0.392711 2578
30533065 0.391711 604
30542157 0.392038 -8486
30554204 0.0197462459426 -20533
30555216 0.254437237417 -21545
30556101 0.0197448109667 -22430
30556845 0.0190471135309 -23174
30567907 0.392868662945 -34236
30572736 0.019155912032 30361
30577589 0.0196092672927 25508
30577771 0.444836 25326
30580161 0.019607737544 22936
30581722 0.393889642057 21375
30592487 0.443311 10610
30620627 0.160069476961 -14555
30630143 0.0588370063645 -5039
30640308 0.0896998303533 2419
30670091 0.209755374138 -7261
30691631 0.468812 -792
30738161 0.438632 -1392
30846623 0.399559 10798
30943040 0.0180916556285 -370
30948752 0.42193 4964
31497879 0.410799665617 16
31834200 0.0226456779895 1692
32296000 0.109215136297 2378
32338005 0.191548584743 -2441
32338186 0.191724479998 -2260
32418552 0.185194 -16924
32444217 0.185119 5197
32459994 0.108903821486 4815
32508445 0.191613260639 -9518
32509440 0.191378559932 -8523
32517431 0.281015698163 -532
32518102 0.203097650871 137
32524906 0.191478914353 -769
32538875 0.191454688107 1620
32606790 0.227046282608 5687
32607074 0.227501004558 5971
32607116 0.227358251135 6013
32611862 0.159898989188 10759
32615004 0.177183325826 13901
32616657 0.154653319268 15554
32628436 0.161036548562 22891
32740441 0.280835205975 -1348
32745916 0.10781555087 -4955
32752707 0.0564117101792 -1146
32759025 0.174116038143 78
32762902 0.0574362597666 -3797
32762937 0.109774029564 -3832
32763595 0.057448039981 3376
32763787 0.109576246629 3184
32764720 0.056579335455 2251
32765949 0.0566342926331 1022
32767669 0.109631601009 -605
32768551 0.109653645286 -1487
32769624 0.0567262613146 -2560
32832874 0.245828 20498
32846619 0.315553336401 6753
32847116 0.315499294807 6256
32855200 0.488717063993 -1826
32930568 0.331359 -4363
32995751 0.0787243929319 16464
33192544 0.176564956161 -5142
33244421 0.440806561501 11998
33253280 0.490435509768 3139
33447309 0.114610997455 6534
33708680 0.205954 -8170
33711229 0.241253 -5621
33920601 0.018239311129 40403
34473145 0.292742 59682
34476759 0.292327 63296
34496691 0.296461 83228
34499558 0.304679 86095
34510633 0.375353 94617
34513777 0.407175 91473
34562467 0.121100990755 42783
35498934 0.213748964374 -30051
36527967 0.257223963299 -11987
36528895 0.302674 -12915
36539523 0.375145 13409
36539754 0.362087 13178
36540434 0.361032 12498
36541725 0.439643 11207
36545780 0.453782 7152
36557623 0.301352415339 -645
36602183 0.263204552327 -1296
36608205 0.402363822801 -7318
36609739 0.401769013596 -8852
36610571 0.40257387462 -9684
37010929 0.024441324621 -29427
37258503 0.297895802846 1472
37296931 0.378854 -12738
37305507 0.435884 -4162
37310046 0.49603217672 370
37311806 0.47782 2130
37311877 0.475373 2201
37312173 0.476782 2497
37312561 0.476933 2885
37314415 0.476172 -3760
37314507 0.476774 -3668
37315988 0.476525 -2187
37316259 0.480546 -1916
37316388 0.479255 -1787
37316476 0.479937 -1699
37323988 0.432970643769 4188
37328751 0.451361805379 8951
37330082 0.429240698912 10282
37330779 0.448744060679 10979
37337409 0.300989671908 -7112
37338286 0.300920986897 -6235
37677404 0.239072 -663
37677892 0.237413 -175
37678551 0.238196 -4
38864460 0.101107885021 376
38879688 0.303372958612 4846
38879940 0.348115161558 4594
38881454 0.370957 3080
38889657 0.302280752433 118
38898051 0.366481 3854
38912771 0.366718457091 -9105
38925719 0.358975421154 -22053
38982321 0.312591066104 -170
38982442 0.29354323524 -291
38985818 0.292692235676 -3667
38991393 0.293231751706 -9242
39016182 0.335354786755 8824
39021522 0.294525789444 3484
39032348 0.121449640591 -7340
39034867 0.293591549296 -9859
39046327 0.293966535248 3530
39053888 0.293554867224 1194
39064209 0.287022724944 307
39064230 0.290902859592 328
39064806 0.31481615985 -50
39066820 0.288982920721 -987
39069045 0.292647058824 -3212
39069510 0.292929934529 -3677
39070550 0.289811814312 -4717
39071658 0.291279054514 -5825
39072472 0.29331812946 5302
39091151 0.29266184388 5520
39104168 0.29276501566 1642
39105707 0.334277272254 3181
39132748 0.351683236675 2012
39152412 0.351365465718 -406
39525791 0.386064647478 4992
39527909 0.446649021459 2874
39528440 0.445344593559 2343
39530132 0.44484979572 651
39542292 0.433157028153 3544
39549426 0.444795482363 -746
39552597 0.447001751175 1066
39553772 0.435399684728 2241
39554749 0.404835 3218
39565896 0.397712 14365
39569475 0.420183 17944
39659773 0.163385095311 -2709
39663066 0.153180423765 -6002
39670851 0.18840420414 -13787
39675770 0.235491674001 -13222
39676494 0.230820109108 -12498
39676744 0.231502347418 -12248
39683534 0.237190213424 -5458
39700758 0.103993620984 8951
39705104 0.349147 4605
39708017 0.104469110542 1692
39708357 0.208327303698 1352
39709009 0.17867437944 700
39710664 0.0560618613643 305
39711351 0.207204972992 -38
39712936 0.104511304276 136
39714704 0.235173985087 -84
39719148 0.104040223779 -2753
39720348 0.0560450432925 -3953
39721745 0.207104239086 -5350
39724137 0.20690780789 -7742
39732171 0.314024 -13758
39738425 0.225996 -7504
39756854 0.322235 -3320
39764824 0.345108 4648
39767011 0.352378 6835
39769818 0.345367 9642
39778167 0.318378 -17578
39778327 0.317774 -17418
39778419 0.319115 -17326
39783027 0.319254 -12718
39793066 0.309458 -2679
39793079 0.315633 -2666
39797178 0.317192 1388
39797779 0.311105 1989
39798429 0.314132 2639
39800704 0.315094 4914
39810379 0.309711 -355
39812409 0.308772 -339
39812986 0.198988 236
39820885 0.308539 3144
39823015 0.308782 5274
39824450 0.33532 -3985
39825322 0.307974 -3113
39826788 0.308888 -1647
39827553 0.308446 -882
39829736 0.309835 1299
39944789 0.0635190112047 -15928
39950172 0.0632546076583 -16585
39952098 0.261463480106 -14659
39973526 0.259631 6767
39978039 0.0750295 11280
39984086 0.0747535 17327
39984873 0.0751261 18114
39985283 0.383384424192 18524
39988277 0.0835557 21518
39989216 0.372406967024 22457
40000221 0.361431748531 33462
40006024 0.363061836734 -32777
40006035 0.363218750138 -32766
40011273 0.362656575919 -27528
40011697 0.0820262 -27104
40026141 0.326328548377 -12660
40026309 0.327797012812 -12492
40034593 0.293238055786 -4208
40041887 0.353780591973 3084
40288830 0.126791066933 963
40291139 0.447465 -1270
40291807 0.441893 -1938
40293463 0.448374 -3594
40301480 0.449487 4366
40308428 0.453004 11314
40317126 0.444343796931 -5468
40327206 0.126726570746 4552
40336821 0.155684056417 -5999
40376383 0.384996 11003
41215672 0.258141192527 -268
41249522 0.343331 1079
41406919 0.293192878656 -34581
41418154 0.281290484361 -23346
41431342 0.283624689312 -10158
41438710 0.28293466836 -2790
41459486 0.284999409004 -569
41537589 0.286238804222 -26631
41540279 0.287132797956 -23941
41548008 0.286502348941 -16212
41566595 0.28670986842 2373
41642212 0.329641808596 -5273
41648502 0.331061122409 533
41656509 0.337765627662 -7472
41677317 0.332060204363 307
41697338 0.322870753935 -187
41720697 0.253837749882 4031
41726053 0.251439242508 9387
41729216 0.252007732671 12550
41739370 0.490781260615 22704
41742283 0.0554516492664 -21053
41755857 0.229449898426 -7479
41761290 0.228189402241 -2046
41767135 0.232245024094 3675
41768625 0.230794723111 4661
41776646 0.228455059803 -1286
41791536 0.478279456812 13602
41793090 0.232256070769 15156
41797758 0.215024 19824
41799106 0.224738 21172
41805782 0.225843 27848
41813886 0.206367 28902
41815609 0.498325 27179
41822793 0.205611 19995
41825342 0.205739 17446
41829149 0.205596 13639
41840407 0.205702 2381
41841034 0.210271 1754
41844786 0.205004 -1758
41849513 0.207246 -6485
41850500 0.206152 -7472
41858657 0.206091 5845
41860864 0.206732 3638
41862288 0.207109 2214
41863423 0.206988 1079
41864216 0.209935 286
41866938 0.206671 1773
41867377 0.215257 2212
41895409 0.196062749447 -8432
41903813 0.206971983208 -28
41908405 0.197925049475 -3111
41911525 0.489138 7
41913413 0.488994 1642
41913477 0.207985581887 1706
41913844 0.198440268997 2073
41914593 0.208013704513 2822
41919330 0.197518811756 7559
41923644 0.195785916657 11873
41927700 0.197071644139 12689
41931074 0.196683236675 9315
41935912 0.196763325048 4477
41938536 0.196768848384 1853
41939739 0.196229928152 650
41945113 0.195808502465 -4502
41949259 0.197490530251 -7507
41961831 0.193425582124 5063
42009520 0.183688 7579
42017264 0.186456 -24
42127999 0.209333 -9863
42128097 0.210208 -9961
42178441 0.209781173528 701
42187199 0.20849990776 9459
42722518 0.472383680388 17103
43172267 0.456988069893 1034
43174413 0.301505718316 -1110
43183762 0.456604709428 3293
43558926 0.320269 7353
43558972 0.250682132008 7307
43559137 0.252345895036 7142
43561675 0.34631 4604
43561803 0.346482 4476
43584229 0.239106060087 -1089
43584281 0.239597636457 -1141
45055584 0.268456800284 7868
45458791 0.200045125681 -52910
45465068 0.201901570475 -59187
45472574 0.226232131327 -66693
45475332 0.322674862559 -69451
45478340 0.307059206264 -72459
45480705 0.308286576005 -74824
45484800 0.315047705001 74739
45489486 0.314782641355 70053
46160624 0.249138 24233
46172855 0.23292 -16620
46836592 0.300228030868 41064
47123616 0.304639794355 10370
48360173 0.104681117876 84192
48360485 0.10707635521 83880
48360629 0.107948898788 83736
48890183 0.0993799026052 4778
49059226 0.0654428283359 -29832
49060216 0.0323120729049 -28842
49452108 0.0878371334251 158064
49452130 0.0821673563601 158042
49459147 0.0907971680875 151025
49464741 0.0522722363861 145431
49583019 0.392019 27153
49594014 0.399876277101 16158
49597206 0.398653852899 12966
49597467 0.186715 12705
49609689 0.469512503283 483
49610259 0.468018503176 -85
49622783 0.427164 -12609
49634073 0.443252322429 -23899
49637741 0.270991 -27567
49646564 0.482362996911 -36390
49651708 0.434142189529 -41534
49653029 0.382310663229 -42855
49777734 0.27686134715 41351
50154682 0.232667450059 -2053
50164078 0.221620884181 5684
50181960 0.222210592509 -12196
50183162 0.230403309147 -13398
50205903 0.200349351008 -4992
50207703 0.199609169386 -3192
50218611 0.198682463044 -158
50241210 0.200819 1632
50244777 0.101078 -2712
50249677 0.128924 2186
50252127 0.204973 4636
50258751 0.220125 11260
50277835 0.103264 -17615
50278438 0.102407 -17012
50278568 0.19389 -16882
50278642 0.202696 -16808
50280136 0.202855 -15314
50282204 0.202924 -13246
50294988 0.205202763105 -462
50297435 0.204843526564 1983
50299919 0.113471152316 3688
50300562 0.187649147459 3045
50301476 0.205068978069 2131
50303530 0.197827948081 77
50313438 0.18989595151 1019
50314809 0.11423297985 -127
50317049 0.189529621132 190
